49.32433045516147
15.462890614936036
11.17566909587735
43.74267953931425
20.286232412902898
38.287710719770295
29.59325222856231
28.575599165947292
2.5264250825234758
8.395862668855425
15.509545992891693
10.378873264205806
4.107039721773786
28.350061931607506
48.51256599829091
44.03800667892533
44.08827256294893
9.944152116025101
19.744925840960242
40.075375666586645
38.68574068100528
22.589538723119535
35.795393948073865
9.750212511102424
1.1855931919730223
40.69821894731919
48.88160797182421
37.85473957171708
24.58846478938503
31.358148466822968
45.82154976316307
19.591754748617635
36.73326647988334
36.002107884479564
21.84958829687284
27.30814249495711
8.699964199825333
18.93463557708119
48.62715951091406
34.49514254982644
4.096181562010537
15.854688937964829
45.25002159134257
25.570079166894434
2.2978809907929443
7.189091754541438
48.39249658218129
4.990621112331567
24.47262942544025
13.99014173225963
16.83012539614533
16.754237164016512
10.30655713116801
25.20760103074548
45.35232742941639
16.523950053742148
41.75692467344635
25.873500848153192
15.652408242800153
40.07975602043392
0.0707158394521401
41.25655191251656
40.51909252301399
14.967498663137457
30.5128802417986
33.5168365630654
18.20840342268399
6.755433170849484
40.52240370254972
45.862813481823316
44.35349761825937
0.6260874774477565
21.841731542295502
12.85900831949292
1.2005698542179977
10.957815027203482
24.361219179681516
6.530347780037715
21.906300675185893
6.271350635553496
37.478163860983905
30.69915073457953
34.13231955560636
5.5599982888265345
3.8563288073702795
16.427826510037214
2.7720201590482274
25.80987186950668
29.261365828690945
15.141721915948203
30.723171536416455
43.63223224008245
37.0952019177755
14.067456094907566
26.422290173489298
0.32395009541091313
19.26623666352068
45.81793326362217
47.435317448734814
22.881769078784696
